# 16x16 网格对齐基线（由 audit_grid_alignment.py 读取）
# 格式：<level>.<key> = <misaligned rect x,y,w,h>[|<rect>...]
# 语义：已知的对齐债务精确快照。任何 level/key 的偏移集合变化（新增或减少）都
#       会被报为 drift/improved，强制一次显式决定，杜绝「修一个又坏一个」被总数抵消。
# 采用有意变更时手工更新对应行。
L01.bridges = 820,365,120,42
L01.shortcuts = 820,365,120,42
L01.tunnels = 330,480,150,34
L01.walls = 215,205,190,24|215,205,24,95|215,380,24,100|215,456,190,24|430,178,300,24|430,454,300,24|735,178,24,100|735,430,24,48|980,250,24,110|980,420,24,55
L01.water = 760,280,210,200
L02.bridges = 820,385,82,42
L02.shortcuts = 440,470,170,34
L02.tunnels = 440,470,170,34
L02.walls = 1010,325,24,170|255,205,185,24|255,205,24,95|255,355,24,80|255,420,185,24|416,205,24,95|416,355,24,85|470,178,240,24|470,455,240,24|710,178,24,92|710,415,24,64|905,325,24,170
L02.water = 735,300,160,195
L03.bridges = 850,402,95,40
L03.shortcuts = 585,350,48,155
L03.tunnels = 585,350,48,155
L03.walls = 300,175,24,85|300,175,260,24|300,325,24,109|300,410,150,24|445,325,205,24|445,490,150,24|626,325,24,95|626,470,24,44|640,330,180,24|640,500,180,24|805,330,24,100|805,470,24,54|820,330,150,24|820,500,150,24
L03.water = 820,355,150,145
L04.bridges = 800,435,120,45
L04.shortcuts = 430,485,215,34
L04.tunnels = 430,485,215,34
L04.walls = 215,205,220,24|215,205,24,85|215,360,24,105|215,465,220,24|380,205,24,90|380,355,24,40|435,205,24,85|435,370,24,95|500,382,220,24|500,382,24,50|500,480,24,84|500,540,220,24|700,382,24,54|700,500,24,64|750,355,24,70|750,500,24,55|965,360,24,70|965,490,24,65
L04.water = 775,370,180,185
L05.bridges = 650,440,135,42
L05.shortcuts = 425,515,150,36
L05.tunnels = 425,515,150,36
L05.walls = 190,205,235,24|190,205,24,88|190,330,24,84|190,390,235,24|365,190,24,110|365,335,24,79|610,355,24,90|610,485,24,45|625,355,175,24|625,510,175,24|815,200,24,120|815,370,24,160|950,350,24,180
L05.water = 625,385,175,125|735,210,140,145
L06.bridges = 760,420,125,44
L06.shortcuts = 420,420,115,34
L06.tunnels = 420,420,115,34
L06.walls = 190,205,230,24|190,205,24,88|190,330,24,84|190,390,230,24|440,190,24,95|440,190,260,24|440,340,24,74|440,390,260,24|700,355,220,24|700,355,24,175|700,506,220,24|920,355,24,175|950,210,24,100|950,390,24,140
L06.water = 720,380,185,115
L07.bridges = 745,325,110,40
L07.shortcuts = 405,470,185,34
L07.tunnels = 405,470,185,34
L07.walls = 185,255,220,24|185,255,24,90|185,385,24,79|185,440,220,24|390,130,24,85|390,285,24,179|550,130,24,85|550,285,24,179|700,245,190,24|700,430,190,24|790,165,24,80|790,330,24,124|880,245,24,90|880,385,24,69
L07.water = 715,270,160,150
L08.bridges = 600,400,130,42
L08.shortcuts = 410,490,155,34
L08.tunnels = 410,490,155,34
L08.walls = 175,275,235,24|175,275,24,85|175,405,24,74|175,455,235,24|350,175,24,95|350,340,24,139|550,175,24,85|550,325,24,154|570,360,175,24|570,520,175,24|745,350,24,55|745,475,24,69|750,180,24,145|750,325,180,24|905,225,24,105|905,430,24,95
L08.water = 595,185,140,155|760,370,145,150
L09.bridges = 565,335,115,40
L09.shortcuts = 430,525,180,34
L09.tunnels = 430,525,180,34
L09.walls = 180,295,24,75|180,295,360,24|180,425,24,99|180,500,360,24|370,215,24,80|370,360,24,164|535,175,24,90|535,365,24,160|700,215,24,130|700,410,24,115|930,245,24,55|930,345,24,135
L09.water = 555,260,130,120
L10.bridges = 665,425,90,40
L10.shortcuts = 445,540,160,34
L10.tunnels = 445,540,160,34
L10.walls = 195,285,24,90|195,285,250,24|195,430,24,104|195,510,250,24|390,355,24,70|390,355,250,24|390,465,24,70|390,535,250,24|525,205,24,150|525,375,24,160|760,195,24,80|760,350,24,185|875,195,24,80|875,350,24,185|895,165,135,24|895,355,135,24
L10.water = 655,380,105,150
L11.bridges = 800,330,125,42
L11.shortcuts = 490,585,190,34
L11.tunnels = 490,585,190,34
L11.walls = 255,165,230,24|255,165,24,70|255,275,24,69|255,320,230,24|265,430,220,24|265,565,220,24|420,275,24,90|420,275,250,24|420,415,24,64|420,455,250,24|500,440,24,60|500,545,24,39|650,115,220,24|650,115,24,80|650,235,24,40|650,275,220,24|760,250,205,24|760,250,24,70|760,370,24,74|760,420,205,24|930,115,24,165
L11.water = 520,325,120,115|775,285,160,120
L12.bridges = 690,455,170,42
L12.shortcuts = 390,445,185,34
L12.tunnels = 390,445,185,34
L12.walls = 1030,120,20,155|175,255,220,24|175,255,24,75|175,365,24,79|175,420,220,24|390,195,210,24|390,195,24,65|390,310,24,74|390,360,210,24|565,240,24,65|565,375,24,44|625,390,24,80|625,390,275,24|625,505,24,64|625,545,275,24|760,200,210,24|760,220,24,70|890,390,24,180|900,120,94,24
L12.water = 630,425,245,105
